%YAML:1.0
---
Camera_SensorType: Pinhole
Camera_NumType: Stereo
K_l: !!opencv-matrix
   rows: 3
   cols: 3
   dt: d
   data: [ 2.5930632181290789e+03, 0., 8.5292483846557661e+02, 0.,
       1.1546479736153112e+03, 7.0662585839811140e+02, 0., 0., 1. ]
D_l: !!opencv-matrix
   rows: 1
   cols: 5
   dt: d
   data: [ -1.3779303324962783e-01, 1.5429332004795060e+00,
       -4.9618320544230771e-01, 6.2424445204337459e-02,
       1.0089234935243837e+01 ]
K_r: !!opencv-matrix
   rows: 3
   cols: 3
   dt: d
   data: [ 2.1985980120770696e+03, 0., 1.4350287582048554e+03, 0.,
       1.9205687452691893e+03, 7.8942364417018314e+02, 0., 0., 1. ]
D_r: !!opencv-matrix
   rows: 1
   cols: 5
   dt: d
   data: [ -3.1787976279313379e-01, -5.1964355295320919e-01,
       -9.3593549059845280e-02, 7.8165160065661182e-03,
       4.5710655596908134e-01 ]
R: !!opencv-matrix
   rows: 3
   cols: 3
   dt: d
   data: [ 8.7293589165584640e-01, -3.1673445151312030e-01,
       3.7102859227247625e-01, 2.9223434856376385e-01,
       9.4851256410704443e-01, 1.2215973661805503e-01,
       -3.9061747858810042e-01, 1.7896803521522259e-03,
       9.2055134700119368e-01 ]
t: !!opencv-matrix
   rows: 3
   cols: 1
   dt: d
   data: [ -1.4737763277736468e+01, -3.7621651996231606e+00,
       4.7919564341144625e+00 ]
height: 1242
width: 2208
